part                   lower_100: e pm cres ssim | lower_106: e pm cres ssim
lower.board            4.12 0.32 64.0 0.291 | 2.66 0.20 52.9 0.300
lower.board_bracket    2.21 5.34 44.9 0.362 | 2.39 2.16 43.4 0.385
lower.braid_a          2.34 2.11 61.1 0.192 | 2.33 2.11 60.6 0.201
lower.braid_b          3.26 2.39 52.7 0.166 | 3.24 2.38 49.9 0.160
lower.cable_loop       2.14 2.01 69.3 0.103 | 2.14 2.05 72.7 0.101
lower.clip_bar         3.63 1.63 44.1 0.504 | 3.59 1.64 35.7 0.485
lower.clip_board       2.08 0.83 76.0 0.260 | 2.02 0.89 50.9 0.251
lower.connector        2.71 1.50 54.9 0.193 | 2.57 0.89 51.3 0.215
lower.fibers_exit_l    3.89 2.33 70.7 0.103 | 3.87 2.33 54.7 0.129
lower.fibers_exit_r    3.95 3.77 85.7 0.134 | 3.88 3.77 71.8 0.193
lower.fibers_l         1.65 1.48 55.1 0.072 | 1.60 1.51 54.9 0.089
lower.fibers_r         1.88 2.23 75.4 0.059 | 1.90 2.32 62.4 0.055
lower.finger_0         1.25 1.37 43.6 0.259 | 1.04 0.58 58.6 0.235
lower.finger_1         1.28 1.35 37.6 0.283 | 1.20 0.99 47.7 0.208
lower.finger_2         1.53 0.98 38.4 0.278 | 1.42 0.71 48.7 0.087
lower.finger_3         1.67 1.14 38.2 0.305 | 1.37 0.61 40.2 0.013
lower.finger_4         1.54 1.16 52.1 0.181 | 1.26 0.46 50.6 0.164
lower.finger_5         1.57 1.52 50.4 0.127 | 1.29 0.57 50.7 0.101
lower.finger_6         1.67 2.47 56.4 0.103 | 1.64 1.06 61.6 -0.050
lower.finger_7         1.44 1.60 50.4 0.171 | 1.24 0.62 56.4 0.050
lower.finger_straps    - | 1.47 0.87 46.1 0.119
lower.fitting_0        1.43 1.15 44.3 0.118 | 1.61 1.04 45.0 0.127
lower.fitting_1        1.23 0.65 45.3 0.078 | 1.19 0.65 47.0 0.108
lower.fitting_2        1.41 1.09 45.2 0.147 | 1.43 1.09 45.7 0.184
lower.fitting_3        1.47 1.72 50.5 0.042 | 1.53 1.72 53.4 0.023
lower.loops_l          1.16 1.23 41.8 0.056 | 1.18 1.26 41.5 0.091
lower.loops_r          1.06 1.47 45.9 0.026 | 1.06 1.48 48.5 0.013
lower.manifold         2.33 1.60 58.3 0.239 | 2.25 1.43 50.3 0.048
lower.oe_0             1.49 0.83 54.8 0.122 | 1.48 0.77 59.5 0.166
lower.oe_1             1.32 0.68 48.7 0.116 | 1.42 0.68 55.7 0.146
lower.oe_2             1.56 0.63 47.8 0.107 | 1.72 0.57 63.0 0.100
lower.oe_3             1.64 0.72 57.4 0.062 | 1.88 0.65 79.9 0.028
lower.oe_4             1.50 0.53 49.9 0.115 | 1.67 0.53 65.1 0.112
lower.oe_5             1.39 0.49 46.5 0.096 | 1.64 0.55 47.3 0.102
lower.oe_6             1.39 0.72 45.6 0.037 | 1.69 0.72 46.0 0.010
lower.oe_7             1.26 0.76 49.1 0.102 | 1.51 1.36 54.7 0.060
lower.oe_base          2.20 1.21 63.9 0.157 | 2.13 1.05 55.7 0.110
lower.org_l            1.85 1.06 48.9 0.233 | 1.90 0.96 40.6 0.164
lower.org_r            2.00 1.72 56.9 0.174 | 2.01 1.78 51.7 0.125
lower.plate_l          2.03 1.04 52.5 0.127 | 2.68 0.82 60.3 0.045
lower.plug             2.79 1.22 56.2 0.078 | 2.65 1.65 63.3 0.010
lower.ribbon_a_front   1.51 5.45 50.5 0.127 | 1.12 0.47 48.7 0.111
lower.ribbon_a_rear    0.80 0.31 68.5 0.022 | 0.79 0.31 55.3 0.052
lower.rod_l            1.68 1.92 59.7 0.028 | 1.68 1.94 59.7 0.008
lower.smd_board_l      2.12 0.82 68.3 0.127 | 2.01 0.82 71.3 0.111
lower.strip_l          1.54 0.44 61.6 0.134 | 1.33 0.24 60.7 0.079
lower.strip_r          2.04 0.58 58.5 0.017 | 2.03 0.39 56.4 -0.012
lower.tex_board        - | 1.39 0.50 45.5 0.464
lower.tex_fingers      - | 1.52 1.77 36.4 0.337
lower.tex_floor        - | 2.35 1.27 59.0 0.189
lower.tex_manifold     - | 2.70 1.59 59.7 0.276
lower.tex_oe           - | 1.34 0.58 41.3 0.184
lower.tex_org_l        - | 1.63 1.60 39.1 0.428
lower.tex_org_r        - | 1.83 1.18 48.7 0.294
lower.tex_plate_l      - | 1.53 1.28 42.6 0.235
lower.tex_strip_l      - | 1.57 1.69 60.8 0.147
lower.tex_strip_r      - | 1.80 1.41 56.3 0.109
lower.tube_f1          1.41 1.35 58.6 0.108 | 1.38 1.35 56.9 0.120
lower.tube_f4          1.51 1.44 50.7 0.120 | 1.48 1.44 49.4 0.140
lower.tube_f5          1.26 1.06 48.2 0.084 | 1.25 1.05 48.0 0.105
lower.tube_f8          1.21 1.40 54.1 0.006 | 1.24 1.43 54.5 0.019
