part                   v1_probe: e pm cres ssim | lower_215: e pm cres ssim
lower.board            2.66 0.20 52.9 0.298 | 2.77 0.15 52.1 0.302
lower.board_bracket    2.39 2.16 43.0 0.385 | 2.40 2.08 43.2 0.384
lower.braid_a          1.80 2.11 47.3 0.224 | 1.77 2.02 47.1 0.228
lower.braid_b          3.17 2.27 48.8 0.199 | 3.05 2.06 48.7 0.186
lower.cable_loop       2.18 2.05 71.9 0.104 | 2.28 2.01 70.8 0.103
lower.clip_bar         3.63 1.63 35.5 0.483 | 2.80 1.24 34.3 0.468
lower.clip_board       2.03 0.89 47.7 0.251 | 2.02 0.80 48.8 0.254
lower.connector        2.57 0.89 51.2 0.213 | 2.53 0.82 51.3 0.211
lower.fibers_exit_l    3.86 2.33 53.1 0.124 | 3.87 2.05 54.9 0.125
lower.fibers_exit_r    3.93 3.77 70.5 0.197 | 3.91 3.36 70.0 0.192
lower.fibers_l         1.60 1.51 55.2 0.088 | 1.62 1.55 56.0 0.092
lower.fibers_r         1.91 2.32 64.7 0.050 | 1.93 2.49 63.4 0.061
lower.finger_0         1.04 0.58 58.0 0.240 | 1.01 0.53 56.7 0.232
lower.finger_1         1.20 1.01 47.3 0.212 | 1.20 0.80 46.9 0.194
lower.finger_2         1.42 0.71 48.8 0.085 | 1.39 0.70 48.4 0.086
lower.finger_3         1.39 0.59 40.3 0.009 | 1.36 0.61 39.8 0.005
lower.finger_4         1.26 0.46 51.5 0.171 | 1.24 0.47 52.9 0.178
lower.finger_5         1.29 0.56 51.5 0.101 | 1.27 0.63 49.9 0.113
lower.finger_6         1.64 1.06 62.4 -0.059 | 1.64 1.04 61.7 -0.056
lower.finger_7         1.23 0.65 55.1 0.051 | 1.09 0.66 54.0 0.089
lower.finger_straps    1.47 0.91 46.4 0.120 | 1.46 0.87 46.6 0.112
lower.fitting_0        1.61 1.04 46.2 0.127 | 1.60 1.04 46.1 0.127
lower.fitting_1        1.20 0.65 47.6 0.109 | 1.21 0.65 47.5 0.110
lower.fitting_2        1.42 1.09 46.3 0.183 | 1.41 1.07 46.3 0.182
lower.fitting_3        1.47 1.72 53.5 0.024 | 1.49 1.73 53.4 0.034
lower.loops_l          1.19 1.26 41.5 0.094 | 1.18 1.34 41.4 0.091
lower.loops_r          1.06 1.47 48.9 0.012 | 1.07 1.40 48.4 0.019
lower.manifold         2.24 1.43 50.0 0.050 | 2.31 1.42 50.3 0.053
lower.oe_0             1.48 0.77 58.2 0.169 | 1.44 0.72 56.9 0.187
lower.oe_1             1.42 0.68 55.6 0.144 | 1.42 0.60 56.0 0.147
lower.oe_2             1.72 0.57 63.9 0.098 | 1.75 0.61 64.3 0.092
lower.oe_3             1.87 0.65 81.3 0.027 | 1.84 0.64 83.2 0.003
lower.oe_4             1.68 0.53 66.4 0.111 | 1.73 0.54 66.7 0.102
lower.oe_5             1.63 0.55 46.1 0.103 | 1.58 0.60 47.7 0.101
lower.oe_6             1.69 0.72 45.0 0.007 | 1.75 0.61 44.8 0.004
lower.oe_7             1.50 1.36 53.8 0.058 | 1.52 1.11 52.5 0.062
lower.oe_base          2.14 1.05 54.8 0.109 | 2.07 1.06 54.3 0.099
lower.oe_boots_l       - | 0.96 0.87 52.8 0.052
lower.oe_boots_r       - | 1.16 0.69 54.5 0.188
lower.org_l            1.90 0.96 41.6 0.163 | 1.92 0.95 42.2 0.160
lower.org_r            2.03 1.78 51.7 0.127 | 2.02 1.86 51.1 0.124
lower.plate_l          2.67 0.82 62.3 0.050 | 2.59 0.90 61.3 0.037
lower.plug             2.65 1.65 65.5 0.008 | 2.68 1.66 65.1 0.011
lower.ribbon_a_front   1.12 0.47 49.2 0.111 | 1.11 0.47 51.1 0.106
lower.ribbon_a_rear    0.83 0.31 52.4 0.056 | 0.84 0.31 50.9 0.054
lower.rod_l            1.67 1.94 60.5 0.006 | 1.74 2.04 61.3 0.012
lower.smd_board_l      2.06 0.82 70.2 0.115 | 2.09 0.84 67.5 0.131
lower.strip_l          1.33 0.24 61.3 0.079 | 1.33 0.23 61.2 0.071
lower.strip_r          2.03 0.39 57.9 -0.011 | 1.96 0.31 57.6 -0.006
lower.tex_board        1.39 0.50 46.2 0.464 | 1.35 0.27 46.5 0.467
lower.tex_fingers      1.52 1.78 36.2 0.337 | 1.54 1.87 36.1 0.332
lower.tex_floor        2.34 1.27 59.2 0.188 | 2.34 1.20 59.3 0.191
lower.tex_manifold     2.70 1.59 60.2 0.275 | 2.68 1.50 60.1 0.275
lower.tex_oe           1.34 0.58 41.1 0.186 | 1.35 0.57 41.2 0.182
lower.tex_org_l        1.62 1.60 39.9 0.432 | 1.60 1.59 39.9 0.429
lower.tex_org_r        1.84 1.18 48.2 0.300 | 1.88 1.07 48.6 0.282
lower.tex_plate_l      1.52 1.28 43.8 0.235 | 1.59 1.17 44.3 0.229
lower.tex_strip_l      1.57 1.69 60.4 0.150 | 1.54 1.73 61.2 0.140
lower.tex_strip_r      1.80 1.41 56.5 0.109 | 1.80 1.58 57.1 0.116
lower.tube_f1          1.38 1.35 57.1 0.122 | 1.40 1.37 57.0 0.124
lower.tube_f4          1.49 1.44 49.6 0.142 | 1.51 1.44 49.4 0.140
lower.tube_f5          1.25 1.05 48.3 0.108 | 1.25 1.03 48.5 0.110
lower.tube_f8          1.24 1.43 54.6 0.017 | 1.23 1.34 54.6 0.028
