part                   lower_610_old_p: e pm cres ssim | lower_610_new_p: e pm cres ssim | lower_610_old_l: e pm cres ssim | lower_610_new_l: e pm cres ssim
lower.board            2.76 0.15 52.5 0.312 | 2.75 0.15 52.3 0.312 | 2.87 0.15 56.6 0.118 | 2.86 0.15 56.3 0.121
lower.board_bracket    2.35 2.15 43.3 0.384 | 2.37 2.15 43.2 0.386 | 2.55 2.15 55.1 0.259 | 2.56 2.15 55.2 0.259
lower.board_screws     - | 1.31 0.74 47.2 0.278 | - | 1.18 0.74 51.4 0.221
lower.braid_a          1.56 1.84 45.9 0.211 | 1.55 1.85 45.8 0.214 | 1.49 1.84 52.3 0.208 | 1.48 1.85 52.3 0.208
lower.braid_b          2.83 2.00 40.6 0.177 | 2.76 2.00 39.7 0.188 | 2.92 2.00 34.1 0.230 | 2.93 2.00 34.2 0.231
lower.cable_loop       2.19 2.43 70.8 0.089 | 2.17 2.43 70.9 0.090 | 1.93 2.43 72.6 0.090 | 1.91 2.43 72.6 0.090
lower.clip_bar         2.79 1.38 35.0 0.471 | 2.79 1.38 35.0 0.471 | 3.04 1.38 50.5 0.453 | 3.04 1.38 50.5 0.452
lower.clip_board       2.05 0.80 45.7 0.255 | 2.04 0.80 45.6 0.255 | 2.82 0.80 46.4 0.253 | 2.83 0.80 46.2 0.252
lower.connector        1.98 0.75 44.2 0.231 | 2.01 0.75 44.3 0.231 | 2.60 0.75 32.3 0.419 | 2.62 0.75 32.4 0.418
lower.fibers_exit_l    3.57 2.24 55.7 0.103 | 3.57 2.24 56.1 0.103 | 3.91 2.24 49.3 0.170 | 3.91 2.24 49.7 0.171
lower.fibers_exit_r    2.36 2.08 44.3 0.133 | 2.36 2.08 44.3 0.133 | 4.34 2.08 47.9 0.138 | 4.35 2.08 48.3 0.138
lower.fibers_l         1.40 1.60 57.4 0.080 | 1.39 1.89 57.9 0.086 | 1.46 1.60 58.2 0.124 | 1.43 1.89 57.9 0.142
lower.fibers_r         1.71 2.20 60.2 0.080 | 1.72 2.58 60.6 0.081 | 2.15 2.20 47.6 0.159 | 2.08 2.58 47.7 0.164
lower.finger_0         1.00 0.53 55.0 0.235 | 1.00 0.49 55.0 0.235 | 1.48 0.53 43.5 0.208 | 1.48 0.49 43.5 0.208
lower.finger_1         1.21 0.78 46.6 0.195 | 1.20 0.78 46.5 0.195 | 1.49 0.78 43.3 0.218 | 1.49 0.78 43.3 0.218
lower.finger_2         1.39 0.68 48.5 0.085 | 1.39 0.65 48.5 0.085 | 1.52 0.68 44.4 0.129 | 1.52 0.65 44.4 0.129
lower.finger_3         1.42 0.61 42.8 0.026 | 1.40 0.60 42.5 0.025 | 1.31 0.61 47.1 0.143 | 1.30 0.60 47.1 0.142
lower.finger_4         1.23 0.44 51.9 0.182 | 1.23 0.47 52.1 0.183 | 1.17 0.44 39.9 0.168 | 1.18 0.47 40.0 0.168
lower.finger_5         1.27 0.69 49.6 0.106 | 1.28 0.69 49.5 0.106 | 1.38 0.69 47.9 0.182 | 1.38 0.69 47.8 0.182
lower.finger_6         1.63 1.04 60.5 -0.078 | 1.63 1.04 60.3 -0.078 | 1.50 1.04 58.8 0.034 | 1.51 1.04 58.6 0.035
lower.finger_7         1.10 0.65 54.4 0.097 | 1.10 0.66 53.7 0.106 | 1.52 0.65 46.3 0.091 | 1.54 0.66 46.7 0.095
lower.finger_screws    - | 1.80 1.48 51.1 0.300 | - | 2.09 1.48 42.8 0.248
lower.finger_straps    1.46 0.90 48.5 0.100 | 1.46 0.84 48.5 0.100 | 1.56 0.90 45.1 0.128 | 1.55 0.84 45.2 0.128
lower.fitting_0        1.48 1.04 46.3 0.123 | 1.48 1.04 46.3 0.123 | 1.49 1.04 48.5 0.090 | 1.49 1.04 48.5 0.090
lower.fitting_1        1.21 0.65 48.2 0.109 | 1.21 0.65 48.2 0.109 | 1.53 0.65 42.4 0.106 | 1.53 0.65 42.5 0.106
lower.fitting_2        1.37 1.07 46.9 0.170 | 1.37 1.07 47.0 0.171 | 1.51 1.07 46.2 0.187 | 1.51 1.07 46.2 0.187
lower.fitting_3        1.60 1.73 52.7 0.027 | 1.59 1.73 52.7 0.027 | 1.47 1.73 45.7 0.107 | 1.47 1.73 45.7 0.107
lower.loops_l          1.19 1.28 41.3 0.090 | 1.19 1.34 41.3 0.090 | 1.08 1.28 45.6 0.063 | 1.08 1.34 45.5 0.063
lower.loops_r          1.04 1.41 47.8 0.013 | 1.05 1.43 47.7 0.013 | 1.06 1.41 52.2 0.044 | 1.07 1.43 52.1 0.045
lower.manifold         2.07 1.27 47.8 0.053 | 2.07 1.27 47.9 0.053 | 2.23 1.27 43.6 0.070 | 2.23 1.27 43.6 0.070
lower.oe_0             1.44 0.74 56.0 0.186 | 1.44 0.74 56.0 0.186 | 1.39 0.74 43.5 0.156 | 1.39 0.74 43.5 0.156
lower.oe_1             1.42 0.60 57.0 0.147 | 1.42 0.60 57.0 0.147 | 1.57 0.60 59.2 0.113 | 1.58 0.60 59.2 0.113
lower.oe_2             1.75 0.61 66.2 0.088 | 1.75 0.61 66.2 0.089 | 1.64 0.61 58.7 0.051 | 1.64 0.61 58.7 0.051
lower.oe_3             1.86 0.61 85.1 0.000 | 1.85 0.61 85.1 0.000 | 1.87 0.61 61.2 0.050 | 1.86 0.61 61.2 0.050
lower.oe_4             1.70 0.54 67.5 0.093 | 1.69 0.54 67.4 0.096 | 1.17 0.54 55.7 0.111 | 1.18 0.54 55.6 0.110
lower.oe_5             1.58 0.60 46.1 0.099 | 1.56 0.60 46.2 0.099 | 1.77 0.60 48.1 0.193 | 1.76 0.60 48.0 0.193
lower.oe_6             1.68 0.66 44.1 0.008 | 1.68 0.66 44.0 0.009 | 1.91 0.66 45.6 0.128 | 1.90 0.66 45.6 0.127
lower.oe_7             1.55 1.11 57.4 0.071 | 1.55 1.11 57.4 0.071 | 3.23 1.11 76.9 0.074 | 3.23 1.11 76.7 0.076
lower.oe_base          1.84 1.07 52.8 0.096 | 1.83 1.07 52.8 0.096 | 2.83 1.07 55.5 0.115 | 2.82 1.07 55.5 0.115
lower.oe_boot_ribs_l   - | 0.98 0.62 53.9 0.081 | - | 1.08 0.62 52.9 0.066
lower.oe_boot_ribs_r   - | 0.97 0.46 51.9 0.137 | - | 0.95 0.46 56.0 0.081
lower.oe_boots_l       0.93 0.69 56.1 0.067 | 1.09 0.04 68.2 0.039 | 1.10 0.69 52.8 0.060 | 1.06 0.04 50.0 0.066
lower.oe_boots_r       0.98 0.49 51.5 0.155 | 0.92 0.58 51.0 0.199 | 0.96 0.49 57.5 0.083 | 0.91 0.58 53.6 0.126
lower.org_l            1.88 1.01 41.4 0.192 | 1.88 1.07 41.6 0.187 | 2.52 1.01 35.1 0.262 | 2.50 1.07 35.1 0.261
lower.org_r            2.10 1.85 52.4 0.132 | 2.07 1.86 52.2 0.134 | 3.00 1.85 59.6 0.181 | 2.97 1.86 59.4 0.181
lower.plate_l          2.43 0.90 68.5 0.113 | 2.43 0.90 68.5 0.112 | 4.34 0.90 69.2 0.032 | 4.34 0.90 69.1 0.033
lower.plug             2.54 0.73 57.2 0.213 | 2.54 0.73 57.3 0.213 | 2.73 0.73 60.7 0.239 | 2.74 0.73 60.8 0.238
lower.ribbon_a_front   1.11 0.47 54.9 0.106 | 1.27 0.24 55.6 0.115 | 1.01 0.47 56.4 0.059 | 1.02 0.24 59.3 0.084
lower.ribbon_a_rear    0.78 0.31 49.6 0.066 | 0.77 0.31 49.6 0.066 | 1.15 0.31 42.4 0.065 | 1.15 0.31 42.3 0.062
lower.rod_l            1.69 2.04 63.6 -0.006 | 1.69 2.04 63.6 -0.006 | 1.83 2.04 64.4 0.042 | 1.83 2.04 64.4 0.042
lower.smd_board_l      2.75 0.51 60.8 0.170 | 2.75 0.51 60.8 0.171 | 1.06 0.51 52.4 -0.055 | 1.06 0.51 52.3 -0.056
lower.strip_l          1.43 0.23 60.7 0.150 | 1.38 0.31 61.3 0.143 | 2.07 0.23 66.3 0.091 | 1.99 0.31 66.6 0.096
lower.strip_r          2.22 0.31 57.4 0.075 | 2.13 0.38 58.1 0.060 | 3.79 0.31 57.0 0.054 | 3.61 0.38 56.8 0.047
lower.tex_board_x0     1.19 0.14 46.8 0.515 | 1.21 0.13 46.8 0.518 | 1.20 0.14 37.8 0.483 | 1.21 0.13 37.7 0.486
lower.tex_board_x1     1.46 0.47 45.4 0.467 | 1.48 0.38 45.3 0.468 | 1.77 0.47 27.5 0.464 | 1.81 0.38 26.6 0.471
lower.tex_board_x2     3.05 0.78 43.7 0.401 | 3.10 0.56 44.0 0.400 | 3.42 0.78 33.7 0.397 | 3.52 0.56 33.9 0.397
lower.tex_fingers      1.54 1.85 35.0 0.334 | 1.55 1.76 35.0 0.329 | 1.55 1.85 34.6 0.334 | 1.55 1.76 34.5 0.333
lower.tex_floor_r00    1.58 0.87 49.2 0.176 | 1.55 0.97 49.2 0.169 | 1.75 0.87 43.0 0.243 | 1.71 0.97 42.6 0.237
lower.tex_floor_r01    2.26 1.93 48.9 0.155 | 2.20 1.93 49.1 0.155 | 2.16 1.93 42.6 0.261 | 2.13 1.93 42.9 0.256
lower.tex_floor_r02    1.74 0.87 50.5 0.171 | 1.74 0.88 50.8 0.167 | 2.38 0.87 47.7 0.291 | 2.31 0.88 47.7 0.288
lower.tex_floor_r10    3.53 3.33 41.8 0.219 | 3.48 3.33 42.0 0.216 | 4.16 3.33 30.2 0.346 | 4.05 3.33 30.3 0.344
lower.tex_floor_r11    1.93 1.50 58.2 0.177 | 1.93 1.50 58.2 0.177 | 2.13 1.50 47.8 0.209 | 2.13 1.50 47.8 0.209
lower.tex_floor_r12    3.10 5.00 47.3 0.257 | 3.07 5.00 47.5 0.256 | 3.88 5.00 42.2 0.257 | 3.82 5.00 41.9 0.258
lower.tex_manifold     2.06 1.50 46.8 0.274 | 2.06 1.50 46.9 0.274 | 2.39 1.50 37.1 0.377 | 2.39 1.50 37.1 0.377
lower.tex_oe           1.36 0.57 41.1 0.185 | 1.36 0.57 41.1 0.185 | 1.36 0.57 46.8 0.162 | 1.36 0.57 46.9 0.162
lower.tex_org_l        1.55 1.55 38.3 0.447 | 1.55 1.55 38.3 0.447 | 1.74 1.55 31.0 0.533 | 1.76 1.55 31.0 0.533
lower.tex_org_r        2.09 1.17 46.4 0.256 | 2.09 1.17 46.5 0.256 | 3.14 1.17 47.9 0.237 | 3.12 1.17 47.9 0.237
lower.tex_plate_l      1.51 1.17 44.7 0.241 | 1.51 1.17 44.7 0.241 | 1.77 1.17 40.4 0.308 | 1.77 1.17 40.4 0.308
lower.tex_smd          1.68 1.07 48.3 0.310 | 1.69 1.07 48.3 0.310 | 1.98 1.07 65.9 0.214 | 1.98 1.07 65.8 0.214
lower.tex_strip_l      1.58 2.08 59.8 0.192 | 1.53 1.95 59.8 0.179 | 1.68 2.08 58.2 0.147 | 1.60 1.95 58.5 0.144
lower.tex_strip_r      1.88 2.75 54.9 0.254 | 1.85 2.43 55.6 0.246 | 2.58 2.75 44.3 0.143 | 2.51 2.43 44.9 0.132
lower.tube_f1          1.39 1.40 57.1 0.123 | 1.39 1.40 57.1 0.122 | 1.49 1.40 55.0 0.091 | 1.49 1.40 54.9 0.092
lower.tube_f4          1.49 1.44 49.8 0.147 | 1.49 1.44 49.8 0.147 | 1.40 1.44 52.4 0.103 | 1.40 1.44 52.3 0.104
lower.tube_f5          1.24 1.03 48.9 0.107 | 1.24 1.03 48.9 0.106 | 1.37 1.03 56.9 0.039 | 1.36 1.03 56.9 0.039
lower.tube_f8          1.27 1.34 55.7 0.025 | 1.27 1.34 55.7 0.024 | 1.66 1.34 53.8 -0.024 | 1.66 1.34 53.8 -0.025
