part                   lower_215: e pm cres ssim | lower_306: e pm cres ssim
lower.board            2.77 0.15 52.1 0.302 | 2.77 0.15 52.1 0.305
lower.board_bracket    2.40 2.08 43.2 0.384 | 2.40 2.15 43.7 0.385
lower.braid_a          1.77 2.02 47.1 0.228 | 1.55 1.91 46.3 0.215
lower.braid_b          3.05 2.06 48.7 0.186 | 3.09 2.00 49.3 0.170
lower.cable_loop       2.28 2.01 70.8 0.103 | 2.21 2.43 70.6 0.097
lower.clip_bar         2.80 1.24 34.3 0.468 | 2.75 1.41 35.1 0.470
lower.clip_board       2.02 0.80 48.8 0.254 | 2.02 0.80 45.6 0.254
lower.connector        2.53 0.82 51.3 0.211 | 2.52 0.82 51.2 0.209
lower.fibers_exit_l    3.87 2.05 54.9 0.125 | 3.96 2.05 54.8 0.103
lower.fibers_exit_r    3.91 3.36 70.0 0.192 | 3.97 3.36 70.6 0.152
lower.fibers_l         1.62 1.55 56.0 0.092 | 1.44 1.60 56.1 0.093
lower.fibers_r         1.93 2.49 63.4 0.061 | 1.68 2.20 62.5 0.097
lower.finger_0         1.01 0.53 56.7 0.232 | 1.00 0.53 56.8 0.238
lower.finger_1         1.20 0.80 46.9 0.194 | 1.20 0.86 47.1 0.195
lower.finger_2         1.39 0.70 48.4 0.086 | 1.39 0.66 48.8 0.084
lower.finger_3         1.36 0.61 39.8 0.005 | 1.42 0.61 42.5 0.022
lower.finger_4         1.24 0.47 52.9 0.178 | 1.23 0.47 51.4 0.185
lower.finger_5         1.27 0.63 49.9 0.113 | 1.28 0.63 49.6 0.111
lower.finger_6         1.64 1.04 61.7 -0.056 | 1.62 1.04 60.3 -0.066
lower.finger_7         1.09 0.66 54.0 0.089 | 1.09 0.66 54.4 0.093
lower.finger_straps    1.46 0.87 46.6 0.112 | 1.46 0.87 47.7 0.106
lower.fitting_0        1.60 1.04 46.1 0.127 | 1.57 1.04 47.2 0.125
lower.fitting_1        1.21 0.65 47.5 0.110 | 1.22 0.65 48.2 0.111
lower.fitting_2        1.41 1.07 46.3 0.182 | 1.41 1.07 47.1 0.179
lower.fitting_3        1.49 1.73 53.4 0.034 | 1.50 1.73 53.1 0.036
lower.loops_l          1.18 1.34 41.4 0.091 | 1.21 1.28 41.4 0.091
lower.loops_r          1.07 1.40 48.4 0.019 | 1.05 1.41 47.7 0.019
lower.manifold         2.31 1.42 50.3 0.053 | 2.43 1.42 51.8 0.080
lower.oe_0             1.44 0.72 56.9 0.187 | 1.44 0.74 56.8 0.189
lower.oe_1             1.42 0.60 56.0 0.147 | 1.42 0.60 57.1 0.143
lower.oe_2             1.75 0.61 64.3 0.092 | 1.75 0.61 66.4 0.086
lower.oe_3             1.84 0.64 83.2 0.003 | 1.86 0.61 85.6 0.001
lower.oe_4             1.73 0.54 66.7 0.102 | 1.69 0.54 68.0 0.096
lower.oe_5             1.58 0.60 47.7 0.101 | 1.54 0.60 45.7 0.097
lower.oe_6             1.75 0.61 44.8 0.004 | 1.69 0.66 43.8 0.008
lower.oe_7             1.52 1.11 52.5 0.062 | 1.55 1.11 56.5 0.070
lower.oe_base          2.07 1.06 54.3 0.099 | 2.08 1.06 53.7 0.096
lower.oe_boots_l       0.96 0.87 52.8 0.052 | 0.92 0.69 56.1 0.078
lower.oe_boots_r       1.16 0.69 54.5 0.188 | 0.97 0.49 51.2 0.161
lower.org_l            1.92 0.95 42.2 0.160 | 1.85 0.92 42.6 0.176
lower.org_r            2.02 1.86 51.1 0.124 | 2.09 1.86 51.7 0.126
lower.plate_l          2.59 0.90 61.3 0.037 | 2.63 0.90 63.3 0.041
lower.plug             2.68 1.66 65.1 0.011 | 2.68 1.66 65.8 0.010
lower.ribbon_a_front   1.11 0.47 51.1 0.106 | 1.12 0.47 54.5 0.107
lower.ribbon_a_rear    0.84 0.31 50.9 0.054 | 0.85 0.31 48.2 0.058
lower.rod_l            1.74 2.04 61.3 0.012 | 1.73 2.04 63.0 0.009
lower.smd_board_l      2.09 0.84 67.5 0.131 | 2.08 0.84 66.8 0.131
lower.strip_l          1.33 0.23 61.2 0.071 | 1.41 0.23 61.5 0.165
lower.strip_r          1.96 0.31 57.6 -0.006 | 2.23 0.31 58.3 0.116
lower.tex_board        1.35 0.27 46.5 0.467 | 1.34 0.27 46.6 0.470
lower.tex_fingers      1.54 1.87 36.1 0.332 | 1.54 1.85 35.1 0.334
lower.tex_floor        2.34 1.20 59.3 0.191 | 2.34 1.34 59.1 0.201
lower.tex_manifold     2.68 1.50 60.1 0.275 | 2.81 1.50 59.3 0.278
lower.tex_oe           1.35 0.57 41.2 0.182 | 1.36 0.57 41.1 0.187
lower.tex_org_l        1.60 1.59 39.9 0.429 | 1.61 1.59 40.7 0.432
lower.tex_org_r        1.88 1.07 48.6 0.282 | 2.05 1.17 47.9 0.278
lower.tex_plate_l      1.59 1.17 44.3 0.229 | 1.59 1.17 45.5 0.233
lower.tex_strip_l      1.54 1.73 61.2 0.140 | 1.57 2.08 59.4 0.194
lower.tex_strip_r      1.80 1.58 57.1 0.116 | 1.90 2.75 55.5 0.295
lower.tube_f1          1.40 1.37 57.0 0.124 | 1.40 1.40 56.8 0.125
lower.tube_f4          1.51 1.44 49.4 0.140 | 1.51 1.44 49.5 0.140
lower.tube_f5          1.25 1.03 48.5 0.110 | 1.26 1.03 48.6 0.110
lower.tube_f8          1.23 1.34 54.6 0.028 | 1.26 1.34 55.3 0.027
