part                   lower_540base: e pm cres ssim | lower_540: e pm cres ssim | lower_540baseb: e pm cres ssim | lower_540b: e pm cres ssim
lower.board            2.77 0.15 52.5 0.305 | 2.76 0.15 52.3 0.311 | 2.83 0.15 55.5 0.131 | 2.86 0.15 55.1 0.118
lower.board_bracket    2.40 2.15 43.7 0.386 | 2.35 2.15 43.2 0.384 | 2.57 2.15 54.5 0.261 | 2.55 2.15 54.2 0.260
lower.braid_a          1.55 1.85 46.0 0.214 | 1.56 1.85 46.1 0.214 | 1.49 1.85 52.0 0.214 | 1.49 1.85 51.9 0.217
lower.braid_b          3.01 2.00 43.7 0.172 | 3.02 2.00 43.8 0.172 | 3.06 2.00 39.0 0.205 | 3.06 2.00 39.1 0.206
lower.cable_loop       2.21 2.43 71.5 0.095 | 2.19 2.43 70.5 0.089 | 1.93 2.43 71.6 0.092 | 1.93 2.43 71.5 0.091
lower.clip_bar         2.75 1.38 34.8 0.472 | 2.75 1.38 35.0 0.472 | 2.99 1.38 49.7 0.458 | 2.99 1.38 50.4 0.457
lower.clip_board       2.02 0.80 44.6 0.254 | 2.04 0.80 45.1 0.255 | 2.85 0.80 46.2 0.253 | 2.82 0.80 44.9 0.252
lower.connector        2.52 0.82 50.9 0.210 | 1.98 0.75 44.6 0.231 | 3.19 0.82 42.4 0.390 | 2.60 0.75 32.3 0.418
lower.fibers_exit_l    3.96 2.05 55.1 0.108 | 4.51 2.08 65.9 0.145 | 3.64 2.05 50.7 0.190 | 4.74 2.08 62.2 0.215
lower.fibers_exit_r    3.97 3.36 71.5 0.153 | 3.96 2.07 72.1 0.207 | 3.99 3.36 41.7 0.240 | 5.21 2.07 89.8 0.164
lower.fibers_l         1.44 1.60 54.9 0.096 | 1.40 1.60 55.3 0.078 | 1.42 1.60 57.7 0.150 | 1.46 1.60 57.3 0.131
lower.fibers_r         1.68 2.20 61.4 0.098 | 1.70 2.20 61.3 0.081 | 2.23 2.20 47.4 0.195 | 2.16 2.20 49.4 0.176
lower.finger_0         1.00 0.53 57.0 0.240 | 1.00 0.53 55.3 0.239 | 1.48 0.53 44.7 0.208 | 1.48 0.53 43.3 0.210
lower.finger_1         1.20 0.86 47.1 0.196 | 1.20 0.86 46.9 0.196 | 1.49 0.86 43.4 0.217 | 1.49 0.86 43.5 0.217
lower.finger_2         1.39 0.66 49.0 0.084 | 1.39 0.68 48.8 0.084 | 1.52 0.66 44.6 0.127 | 1.52 0.66 44.7 0.127
lower.finger_3         1.42 0.61 42.6 0.021 | 1.42 0.61 42.8 0.023 | 1.31 0.61 47.1 0.142 | 1.31 0.61 47.1 0.141
lower.finger_4         1.23 0.47 51.2 0.187 | 1.23 0.47 51.5 0.187 | 1.17 0.47 39.8 0.170 | 1.17 0.47 39.8 0.171
lower.finger_5         1.28 0.63 50.1 0.109 | 1.28 0.63 49.9 0.109 | 1.38 0.63 48.1 0.182 | 1.38 0.63 48.1 0.182
lower.finger_6         1.62 1.04 61.0 -0.071 | 1.63 1.04 60.8 -0.079 | 1.50 1.04 58.5 0.033 | 1.50 1.04 58.6 0.032
lower.finger_7         1.09 0.66 55.0 0.095 | 1.10 0.66 54.7 0.097 | 1.52 0.66 46.4 0.092 | 1.52 0.66 46.3 0.092
lower.finger_straps    1.47 0.87 48.0 0.106 | 1.47 0.85 48.4 0.103 | 1.55 0.87 45.4 0.128 | 1.56 0.87 45.2 0.129
lower.fitting_0        1.57 1.04 46.9 0.125 | 1.56 1.04 47.0 0.122 | 1.51 1.04 49.9 0.077 | 1.51 1.04 50.1 0.087
lower.fitting_1        1.22 0.65 48.1 0.112 | 1.22 0.65 48.1 0.111 | 1.51 0.65 42.5 0.099 | 1.54 0.65 42.6 0.108
lower.fitting_2        1.41 1.07 47.0 0.180 | 1.40 1.07 47.1 0.170 | 1.49 1.07 47.9 0.195 | 1.52 1.07 48.0 0.185
lower.fitting_3        1.50 1.73 53.0 0.036 | 1.61 1.73 53.1 0.025 | 1.48 1.73 46.2 0.127 | 1.50 1.73 46.2 0.104
lower.loops_l          1.21 1.28 41.3 0.091 | 1.19 1.28 41.3 0.090 | 1.09 1.28 45.5 0.063 | 1.09 1.28 45.6 0.063
lower.loops_r          1.05 1.41 47.7 0.017 | 1.04 1.41 47.7 0.015 | 1.07 1.41 52.2 0.046 | 1.06 1.41 52.3 0.047
lower.manifold         2.43 1.42 51.9 0.079 | 2.54 1.46 52.9 0.076 | 2.39 1.42 57.2 0.078 | 2.56 1.46 57.6 0.070
lower.oe_0             1.44 0.74 57.0 0.190 | 1.44 0.74 55.8 0.188 | 1.38 0.74 44.1 0.154 | 1.39 0.74 43.4 0.157
lower.oe_1             1.42 0.60 57.0 0.144 | 1.42 0.60 57.0 0.145 | 1.58 0.60 59.4 0.112 | 1.58 0.60 59.4 0.111
lower.oe_2             1.75 0.61 66.4 0.086 | 1.75 0.61 66.5 0.087 | 1.64 0.61 59.1 0.049 | 1.64 0.61 59.2 0.048
lower.oe_3             1.86 0.61 85.6 -0.001 | 1.86 0.61 85.7 -0.000 | 1.87 0.61 61.7 0.049 | 1.87 0.61 61.8 0.049
lower.oe_4             1.69 0.54 68.0 0.095 | 1.69 0.54 68.0 0.093 | 1.18 0.54 55.9 0.112 | 1.18 0.54 55.9 0.113
lower.oe_5             1.57 0.60 45.9 0.097 | 1.58 0.60 45.7 0.098 | 1.77 0.60 48.0 0.191 | 1.77 0.60 48.0 0.191
lower.oe_6             1.69 0.66 44.0 0.007 | 1.68 0.66 43.7 0.008 | 1.90 0.66 45.0 0.127 | 1.91 0.66 45.0 0.127
lower.oe_7             1.55 1.11 57.0 0.068 | 1.55 1.11 56.9 0.071 | 3.23 1.11 76.2 0.074 | 3.24 1.11 76.2 0.075
lower.oe_base          2.08 1.06 54.2 0.095 | 1.99 1.07 54.2 0.097 | 2.97 1.06 57.0 0.085 | 3.00 1.07 56.5 0.113
lower.oe_boots_l       0.92 0.69 56.4 0.077 | 0.92 0.69 56.5 0.065 | 1.12 0.69 53.3 0.049 | 1.11 0.69 53.5 0.058
lower.oe_boots_r       0.97 0.49 51.3 0.161 | 0.97 0.49 51.2 0.160 | 0.95 0.49 57.6 0.092 | 0.96 0.49 58.5 0.084
lower.org_l            1.85 0.92 41.6 0.179 | 1.88 1.01 41.8 0.189 | 2.48 0.92 36.5 0.265 | 2.52 1.01 36.7 0.258
lower.org_r            2.09 1.86 52.0 0.126 | 2.08 1.85 51.8 0.129 | 3.08 1.86 58.9 0.177 | 3.02 1.85 59.0 0.180
lower.plate_l          2.63 0.90 62.4 0.040 | 2.59 0.90 61.8 0.024 | 4.24 0.90 72.4 0.050 | 4.32 0.90 72.4 0.031
lower.plug             2.68 1.66 66.2 0.010 | 2.54 0.73 57.7 0.213 | 2.49 1.66 47.9 0.078 | 2.74 0.73 60.5 0.240
lower.ribbon_a_front   1.12 0.47 53.9 0.107 | 1.11 0.47 54.7 0.107 | 1.01 0.47 55.4 0.061 | 1.01 0.47 55.8 0.058
lower.ribbon_a_rear    0.77 0.31 48.3 0.066 | 0.77 0.31 48.2 0.066 | 1.16 0.31 41.7 0.063 | 1.16 0.31 41.4 0.065
lower.rod_l            1.73 2.04 62.6 0.006 | 1.73 2.04 62.6 0.009 | 1.82 2.04 65.1 0.041 | 1.82 2.04 65.1 0.042
lower.smd_board_l      2.08 0.84 67.7 0.131 | 2.75 0.51 60.6 0.170 | 2.42 0.84 90.5 0.100 | 1.07 0.51 48.3 -0.054
lower.strip_l          1.41 0.23 60.8 0.158 | 1.42 0.23 61.0 0.152 | 2.07 0.23 67.0 0.101 | 2.07 0.23 67.3 0.099
lower.strip_r          2.23 0.31 58.4 0.113 | 2.23 0.31 57.9 0.077 | 3.84 0.31 55.8 0.067 | 3.79 0.31 56.8 0.066
lower.tex_board        1.34 0.27 45.7 0.475 | - | 1.55 0.27 33.9 0.429 | -
lower.tex_board_x0     - | 1.19 0.14 47.3 0.514 | - | 1.20 0.14 37.9 0.484
lower.tex_board_x1     - | 1.46 0.48 45.9 0.466 | - | 1.77 0.48 27.6 0.465
lower.tex_board_x2     - | 3.05 0.81 43.9 0.400 | - | 3.43 0.81 33.5 0.394
lower.tex_fingers      1.54 1.85 34.9 0.336 | 1.54 1.85 35.0 0.334 | 1.56 1.85 34.5 0.334 | 1.56 1.85 34.5 0.334
lower.tex_floor        2.34 1.34 58.9 0.202 | - | 2.60 1.34 54.9 0.256 | -
lower.tex_floor_r00    - | 1.58 0.87 49.0 0.177 | - | 1.75 0.87 43.1 0.241
lower.tex_floor_r01    - | 2.27 1.93 48.9 0.158 | - | 2.14 1.93 42.6 0.262
lower.tex_floor_r02    - | 1.75 0.87 50.7 0.171 | - | 2.38 0.87 46.4 0.302
lower.tex_floor_r10    - | 3.73 3.22 68.8 0.215 | - | 4.53 3.22 52.9 0.305
lower.tex_floor_r11    - | 2.02 1.50 59.6 0.176 | - | 2.40 1.50 54.4 0.186
lower.tex_floor_r12    - | 3.60 5.00 65.8 0.249 | - | 4.12 5.00 69.3 0.225
lower.tex_manifold     2.81 1.50 59.4 0.278 | 2.78 1.50 59.5 0.278 | 3.11 1.50 48.2 0.371 | 3.12 1.50 48.6 0.370
lower.tex_oe           1.35 0.57 41.0 0.187 | 1.35 0.57 40.9 0.187 | 1.36 0.57 46.8 0.164 | 1.36 0.57 46.8 0.164
lower.tex_org_l        1.61 1.59 39.5 0.439 | 1.58 1.57 39.2 0.441 | 1.77 1.59 31.6 0.530 | 1.74 1.57 30.9 0.536
lower.tex_org_r        2.05 1.17 47.9 0.279 | 2.09 1.17 46.7 0.259 | 3.03 1.17 45.2 0.280 | 3.13 1.17 47.1 0.240
lower.tex_plate_l      1.59 1.17 45.0 0.235 | 1.59 1.17 45.1 0.235 | 1.77 1.17 41.0 0.307 | 1.76 1.17 41.0 0.308
lower.tex_smd          - | 1.68 1.07 47.8 0.310 | - | 1.98 1.07 64.8 0.214
lower.tex_strip_l      1.57 2.08 59.0 0.195 | 1.57 2.08 59.4 0.193 | 1.65 2.08 58.1 0.154 | 1.68 2.08 58.1 0.154
lower.tex_strip_r      1.90 2.75 54.8 0.295 | 1.88 2.75 54.9 0.255 | 2.58 2.75 44.6 0.163 | 2.58 2.75 45.3 0.134
lower.tube_f1          1.40 1.40 56.8 0.129 | 1.39 1.40 56.9 0.122 | 1.54 1.40 54.9 0.095 | 1.49 1.40 55.0 0.098
lower.tube_f4          1.51 1.44 49.6 0.141 | 1.51 1.44 49.6 0.145 | 1.41 1.44 52.3 0.103 | 1.40 1.44 52.4 0.105
lower.tube_f5          1.26 1.03 48.7 0.111 | 1.25 1.03 48.7 0.107 | 1.39 1.03 56.7 0.055 | 1.37 1.03 56.4 0.044
lower.tube_f8          1.26 1.34 55.5 0.025 | 1.27 1.34 55.5 0.025 | 1.64 1.34 53.4 -0.020 | 1.66 1.34 53.5 -0.024
